3 3
5 4
5 3
1 2
19 10
1 4
17 2
8 15
6 5
7 2
NUNCA SE PUDO
12 6
6 0
10 9
6 7
14 10
6 4
4 4
12 15
14 7
11 6
4 15
2 14
NUNCA SE PUDO
NUNCA SE PUDO
3 3
0 1
9 1
10 4
5 0
4 2
4 9
3 1
6 2
5 4
5 7
13 5
1 0
16 11
5 1
1 1
11 18
7 13
2 7
1 0
11 12
2 1
6 0
4 14
0 2
2 5
6 1
7 0
7 1
10 3
0 5
1 8
6 8
4 3
NUNCA SE PUDO
NUNCA SE PUDO
8 5
4 3
2 0
14 5
11 2
17 1
7 17
1 1
11 11
1 0
3 7
4 3
2 3
2 3
5 10
2 1
2 3
NUNCA SE PUDO
8 2
4 1
3 4
13 17
14 15
0 1
2 10
7 0
0 1
3 6
3 3
14 8
12 8
3 0
1 1
1 7
15 4
4 11
15 15
2 8
8 1
